# Hydrogen
H mTZVP-GTH mTZVP-GTH-q1
3
1 0 0 3 1
      10.068468228533         .60251978E-02
      5.1235746               .45021094E-01
      1.1646626               .20189726
1 0 0 1 1
      0.32723041             1.0000000
1 0 0 1 1
      0.10307241             1.0000000
# Helium
He mTZVP-GTH mTZVP-GTH-q2
3
2 0 0 2 1
     11.042785405048          .54848620937E-01
      3.3185831473            .22074382186
1 0 0 1 1
      0.87413869551          1.0000000
1 0 0 1 1
      0.24459897208          1.0000000
# Lithium
Li mTZVP-GTH mTZVP-GTH-q3
6
2 0 0 1 1
      7.133127574876         1.000000000000
1 0 0 2 1
      2.9724674216            .23792456411
      1.2639852314            .30765411924
1 0 0 1 1
      0.51427489953          1.0000000
1 0 0 1 1
      0.77030885901E-01      1.0000000
1 0 0 1 1
      0.28938896433E-01      1.0000000
1 1 1 2 1
      0.4500000000           0.3710000
      0.1000000000           1.0000000
# Beryllium
Be mTZVP-GTH mTZVP-GTH-q4
7
2 0 0 2 2
     14.798334125             .10897561281
      5.3512452537            .21694284551
1 0 0 2 1
      2.1542044819            .44695408857
       .93363744400           .20866985771
1 0 0 1 1
      0.18791432989          1.0000000
1 0 0 1 1
      0.74648267947E-01      1.0000000
1 0 0 1 1
      0.32650484598E-01      1.0000000
1 1 1 3 1
      3.6316917145          -0.29033998305E-01
      0.71695694366         -0.16877854032
      0.19541932860         -0.51403419628
1 1 1 1 1
      0.60515465890E-01      1.0000000
# Boron
B mTZVP-GTH mTZVP-GTH-q3
8
1 0 0 2 1
      3.053444073497         0.41818777978
      1.6595599712           0.22325473798
1 0 0 1 1
      0.35762965239          1.0000000
1 0 0 1 1
      0.14246277496          1.0000000
1 0 0 1 1
      0.60560594768E-01      1.0000000
1 1 1 3 1
       3.053444073497        0.32801738965E-01
       1.4986081344          0.13151230768
       0.50927831315         0.33197167769
1 1 1 1 1
      0.18147077798           .47314319570
1 1 1 1 1
      0.64621893904E-01       .25802783943
1 2 2 1 1
      0.70000000             1.0000000
# Carbon
C mTZVP-GTH mTZVP-GTH-q4
8
1 0 0 2 1
      5.605330751705          .41440263448
      2.5764896527            .23744968655
1 0 0 1 1
      0.57696339419          1.0000000
1 0 0 1 1
      0.22972831358          1.0000000
1 0 0 1 1
      0.95164440028E-01      1.0000000
1 1 1 3 1
      5.605330751705          .35864109092E-01
      2.3780826883            .14215873329
       .81433208183           .34270471845
1 1 1 1 1
      0.28887547253           .46445822433
1 1 1 1 1
      0.10056823671           .24955789874
1 2 2 1 1
      0.80000000             1.0000000
# Nitrogen
N mTZVP-GTH mTZVP-GTH-q5
8
1 0 0 2 1
      7.341988051825          .40623896148
      3.6863002370            .24338217176
1 0 0 1 1
      0.84660076805          1.0000000
1 0 0 1 1
      0.33647133771          1.0000000
1 0 0 1 1
      0.13647653675          1.0000000
1 1 1 3 1
      7.341988051825          .38052379723E-01
      3.4273972411            .14953671029
      1.1785525134            .34949305230
1 1 1 1 1
      0.41642204972           .45843153697
1 1 1 1 1
      0.14260826011           .24428771672
1 2 2 1 1
      0.80000000000          1.0000000
# Oxygen
O mTZVP-GTH mTZVP-GTH-q6
9
1 0 0 2 1
     10.389228018317         0.39768730901
      4.9987076005           0.24627849430
1 0 0 1 1
      1.1703108158           1.0000000
1 0 0 1 1
      0.46474740994          1.0000000
1 0 0 1 1
      0.18504536357          1.0000000
1 1 1 3 1
     10.389228018317         0.41912575824E-01
      4.4501223456           0.16153841088
      1.5275799647           0.35706951311
1 1 1 1 1
      0.52935117943           .44794207502
1 1 1 1 1
      0.17478421270           .24446069663
1 2 2 1 1
      0.90000000             1.0000000
1 2 2 1 1
      0.15000000             1.0000000
# Fluorine
F mTZVP-GTH mTZVP-GTH-q7
8
1 0 0 2 1
     13.701520668842         0.39422966880
      6.5038186740           0.24998238551
1 0 0 1 1
      1.5440477509           1.0000000
1 0 0 1 1
      0.61223452862          1.0000000
1 0 0 1 1
      0.24027979698          1.0000000
1 1 1 3 1
     13.701520668842         0.44303143530E-01
      5.6867902653           0.16867248708
      1.9511006294           0.36166346255
1 1 1 1 1
      0.66970211298           .44202901491
1 1 1 1 1
      0.21651300410           .24319875730
1 2 2 1 1
      0.90000000             1.0000000
# Neon
Ne mTZVP-GTH mTZVP-GTH-q8
8
1 0 0 2 1
     19.144669251814         0.39631959951
      8.2021942646           0.25582811251
1 0 0 1 1
      1.9681276278           1.0000000
1 0 0 1 1
      0.77904756001          1.0000000
1 0 0 1 1
      0.30229502043          1.0000000
1 1 1 3 1
     19.144669251814         0.45888009138E-01
      7.1163945872           0.17331287812
      2.4418711435           0.36475267512
1 1 1 1 1
      0.83389605766           .43831075171
1 1 1 1 1
      0.26607311301           .24160029835
1 2 2 1 1
      1.00000000             1.0000000
